101 102
101 103
102 104
103 105
104 106
107 102
108 107
109 102
109 110
111 105
112 111
113 111
114 111
115 114
120 121
121 122
123 124
125 123
126 123
127 123
128 123
129 103
130 103
131 103
135 134
136 135
137 120
138 137
139 138
140 129
141 140
142 130
143 142
144 142
145 120
146 145
147 145
151 105
152 105
153 152
154 152
155 152
156 152
157 151
158 105
159 105
160 105
161 160
162 158
163 160
164 182
165 182
166 182
167 120
168 120
169 120
170 179
171 120
172 179
173 179
174 179
175 179
176 175
177 179
178 179
182 179
183 179
184 179
185 179
186 179
187 186
188 186
189 186
190 186
191 192
193 105
194 105
195 120
196 152
197 107
198 107
199 197
200 197